train_samples: 19926
val_samples: 3346
test_samples: 3347
train_hate_ratio: 0.5
val_hate_ratio: 0.3619246861924686
test_hate_ratio: 0.3618165521362414
train_distribution: {1: 9963, 0: 9963}
val_distribution: {0: 2135, 1: 1211}
test_distribution: {0: 2136, 1: 1211}
